MAE: 0.1224416307161041
MSE: 0.024081579897575138
RMSE: 0.1551824084668592
r2: 0.06835840471330967